1000 9882
212 141
214 377
215 912
972 813
848 483
276 788
117 866
427 224
946 848
711 592
117 787
206 636
994 174
342 140
165 397
384 556
977 931
246 296
781 755
415 821
643 750
626 394
354 201
304 454
381 419
527 96
400 417
140 100
971 43
830 866
192 946
255 505
156 644
948 408
622 627
593 94
643 170
537 947
738 116
666 713
444 143
338 390
191 22
128 712
880 205
74 156
75 794
282 65
598 603
642 481
974 954
352 389
876 424
774 637
442 250
867 695
945 225
837 19
253 204
344 728
949 538
931 35
751 418
399 633
789 434
78 56
686 315
764 559
444 500
508 365
163 794
719 177
37 829
851 489
120 349
621 771
31 275
570 67
612 730
759 917
372 563
512 158
428 509
855 422
790 14
786 747
95 637
647 474
617 245
66 277
760 355
198 894
474 254
350 581
349 63
172 905
467 875
854 341
924 174
485 478
17 584
894 634
787 412
971 395
369 125
405 765
445 800
33 166
844 234
517 156
114 267
561 712
506 417
161 730
678 865
511 869
683 250
425 221
18 90
503 268
621 105
401 100
735 225
763 248
265 757
340 159
838 746
179 27
936 382
415 186
481 327
729 169
914 301
438 663
666 698
173 410
658 436
344 888
847 366
294 602
64 119
466 311
122 309
912 165
605 296
849 894
791 119
153 775
743 158
232 776
306 287
520 953
760 286
335 216
732 860
992 241
315 388
98 524
228 675
64 644
510 225
242 579
24 306
542 596
615 134
626 733
54 914
755 771
37 832
833 989
483 708
391 969
779 505
732 17
611 205
662 460
976 963
522 371
926 465
146 543
292 737
632 923
149 344
250 879
814 618
263 416
125 873
972 742
935 498
495 36
522 85
191 66
152 246
158 281
108 988
881 676
290 892
83 564
273 706
679 126
826 414
20 457
612 419
404 2
479 212
303 346
380 383
596 436
94 437
62 215
639 731
658 86
17 342
180 134
517 1
578 17
796 472
374 244
856 371
378 251
30 896
325 528
166 192
977 661
365 416
373 949
782 953
853 455
715 587
914 416
274 515
824 203
183 146
637 810
491 884
685 500
813 319
575 800
508 721
390 84
991 944
945 216
859 574
131 709
461 886
667 951
409 939
616 973
727 639
819 624
549 423
951 119
186 191
786 271
115 414
971 703
301 798
532 863
285 109
383 998
457 150
561 106
779 63
349 149
767 588
971 791
312 504
310 135
93 525
828 960
225 637
617 915
615 392
727 306
626 931
556 58
503 689
744 298
836 474
254 627
21 659
811 140
522 73
209 306
981 564
428 596
301 680
43 199
694 859
170 175
78 556
688 288
639 921
547 615
224 332
420 683
55 772
962 50
798 692
894 797
520 328
612 214
541 206
22 589
298 301
407 157
283 147
221 368
218 580
479 383
835 751
714 996
342 557
292 338
94 66
426 974
643 177
793 636
577 469
616 621
871 271
156 720
362 301
227 925
861 789
27 805
344 991
823 473
2 125
24 989
226 415
908 121
433 95
567 980
607 567
957 516
45 970
482 740
358 19
965 9
803 226
966 338
129 407
242 568
334 472
465 351
34 300
767 770
146 818
723 424
232 397
874 68
654 830
276 64
48 47
802 152
162 59
474 505
720 497
537 221
918 610
902 423
813 446
205 200
78 366
206 675
318 313
820 987
195 353
312 242
760 752
926 203
217 827
988 512
140 626
662 503
544 668
392 153
835 143
655 184
911 34
644 431
422 53
762 584
707 329
730 234
839 316
865 833
238 829
795 954
562 995
624 680
71 103
860 1000
956 751
403 729
297 62
924 77
84 274
675 849
14 509
577 151
541 500
948 490
880 480
847 740
151 45
597 973
943 49
52 598
437 534
853 292
913 355
710 247
70 86
715 271
700 441
918 480
390 585
474 721
254 386
810 696
852 467
203 15
999 92
244 3
797 819
898 182
920 482
336 537
851 138
233 167
90 600
676 999
806 946
760 80
871 836
238 323
868 734
153 279
7 4
525 599
603 283
464 534
290 392
755 68
85 868
404 384
99 1000
686 538
858 327
38 581
648 665
115 338
371 764
816 863
581 593
837 999
346 2
792 152
821 19
226 87
274 182
941 986
599 130
855 884
235 808
752 571
245 991
199 240
271 231
717 883
954 551
574 964
707 293
836 379
801 184
414 757
240 382
863 430
22 666
99 53
623 494
346 582
203 467
61 977
588 966
518 537
397 64
625 335
244 550
493 535
424 34
369 581
806 671
528 680
446 919
485 182
808 200
700 494
131 957
19 549
196 605
287 294
300 626
477 929
993 461
867 500
390 565
837 212
78 218
13 274
197 53
510 4
889 289
161 251
249 798
712 642
31 178
438 208
221 192
317 749
694 385
642 228
257 2
422 836
244 406
172 411
323 769
16 951
182 68
242 723
314 196
613 416
225 487
224 375
428 188
301 842
785 95
381 252
50 78
510 448
522 368
462 359
347 165
936 646
229 137
51 681
34 937
452 488
332 134
872 403
62 127
218 45
953 54
882 244
497 82
995 431
940 468
501 698
228 454
702 298
631 320
838 53
192 575
997 406
411 863
322 142
285 826
948 110
161 372
199 212
916 652
681 480
359 530
307 143
146 115
958 402
762 755
126 890
165 166
536 518
494 722
282 962
982 359
22 896
424 399
207 396
653 802
366 485
913 61
4 282
47 420
107 121
383 476
644 842
62 739
378 700
568 552
611 902
940 560
795 351
323 590
332 387
897 739
615 967
743 18
430 865
911 253
676 89
179 675
736 292
704 258
82 106
482 688
12 321
895 292
862 567
6 256
595 216
883 512
635 925
563 630
571 67
846 459
979 742
984 848
79 330
864 166
828 961
693 461
994 574
1000 398
998 480
285 75
877 753
803 658
422 300
428 597
871 707
52 281
509 542
384 723
777 156
595 645
748 753
539 694
795 544
264 952
646 639
342 209
790 869
494 396
712 811
307 235
610 976
721 457
762 791
853 188
798 599
986 887
273 88
825 475
238 512
960 318
208 563
800 151
444 118
852 875
193 306
321 741
880 84
572 378
369 721
188 115
463 187
362 298
308 916
339 321
170 917
279 277
62 671
871 415
66 706
766 691
947 375
296 835
550 138
413 692
175 597
733 459
666 4
905 952
548 32
93 989
353 880
444 553
907 131
943 705
732 180
181 426
181 568
348 141
793 40
813 85
46 700
379 609
876 763
56 700
823 924
92 138
96 333
479 730
776 905
119 611
512 383
286 126
567 411
200 251
863 864
996 327
464 176
580 6
395 206
769 497
901 724
133 890
247 332
218 114
971 528
243 477
392 267
543 688
199 382
807 127
313 271
915 38
76 90
8 458
477 538
26 754
354 199
100 807
526 82
51 349
1 944
710 443
69 577
910 9
749 479
500 719
916 922
278 439
613 624
100 517
30 872
451 891
643 287
330 14
22 840
540 141
62 601
430 477
514 528
145 403
443 850
740 964
120 709
799 529
882 483
723 779
300 968
836 554
379 961
629 125
496 599
300 863
49 473
221 251
390 360
482 875
219 966
944 473
871 601
950 195
332 558
580 801
524 172
160 647
286 203
343 430
536 290
367 36
161 198
570 65
64 870
802 44
894 670
879 46
437 71
261 716
3 901
989 946
998 387
778 5
829 207
217 741
241 223
996 89
584 347
893 463
967 968
109 480
753 460
650 170
851 807
1 615
982 15
20 422
96 772
264 112
337 622
412 88
871 371
743 839
653 603
674 534
950 843
717 596
39 680
667 323
631 50
711 122
326 412
313 743
84 166
303 900
671 392
53 749
464 804
726 716
639 357
687 326
454 387
663 213
847 506
80 852
616 678
189 974
325 126
163 367
491 138
175 412
412 802
969 427
861 205
224 254
82 244
62 806
12 207
91 841
715 520
112 547
505 319
362 919
605 121
550 986
684 360
524 193
361 85
860 41
970 569
613 431
225 486
232 454
769 31
718 42
632 167
996 392
209 42
447 496
699 843
186 362
136 253
834 686
889 681
603 407
640 155
34 934
897 364
367 798
874 183
217 705
322 152
555 153
294 335
133 963
501 697
194 211
697 56
769 731
773 20
242 231
7 703
835 326
878 488
610 602
592 49
29 308
748 940
431 384
487 359
398 251
991 216
388 437
227 103
527 90
595 115
660 633
540 983
557 911
230 917
302 262
250 63
87 594
878 693
61 101
853 951
677 171
36 805
917 924
425 874
745 893
709 730
342 384
204 768
587 178
738 604
949 350
481 67
410 65
947 282
533 733
308 800
442 350
776 594
448 931
219 608
420 265
975 89
922 87
46 455
571 1
266 866
500 868
783 983
1 247
718 356
890 900
478 829
484 523
366 834
519 418
384 138
741 286
902 441
206 986
63 887
963 189
432 819
569 726
864 790
77 23
168 781
621 602
802 84
968 852
915 815
845 18
495 361
201 734
816 792
711 617
87 179
414 897
117 172
418 476
938 263
703 5
206 615
285 876
513 649
308 51
75 280
989 900
43 966
282 658
289 638
925 444
90 375
354 36
868 186
230 855
467 515
748 912
855 940
19 286
702 33
838 673
969 598
164 432
274 304
807 670
494 751
17 82
681 251
316 74
31 561
605 588
848 755
546 922
728 41
88 136
589 984
738 222
376 387
545 678
567 929
932 226
918 437
870 850
762 315
785 256
970 780
277 164
723 76
466 595
604 345
719 56
228 613
33 625
24 826
201 299
440 621
205 219
245 562
854 896
432 241
382 373
769 71
627 183
651 103
135 270
85 687
466 611
730 692
712 151
826 131
385 463
224 593
578 608
855 12
701 918
481 771
525 868
272 982
170 129
906 285
753 296
660 876
590 485
648 940
21 950
596 866
333 580
687 533
791 571
8 90
563 392
998 969
804 934
991 726
244 683
106 692
431 41
416 862
535 679
230 605
312 765
382 616
524 523
155 168
49 621
253 645
790 322
636 662
953 928
19 758
849 791
421 694
150 92
995 529
173 341
645 573
960 228
616 873
106 155
982 872
841 68
325 443
148 484
376 491
888 425
926 591
461 728
712 759
451 365
750 787
111 735
849 578
866 608
6 921
546 610
707 426
236 808
419 280
774 402
599 747
55 277
239 232
30 669
686 425
358 750
784 465
594 921
167 972
613 364
198 994
162 204
256 137
259 890
828 889
963 2
102 626
87 138
816 637
418 405
661 343
702 445
777 842
42 55
636 417
62 41
274 180
534 958
920 894
78 618
797 8
726 150
782 356
267 745
825 199
592 86
875 307
100 885
998 878
803 792
223 9
463 574
1000 330
468 864
783 235
113 343
117 647
213 148
288 309
547 223
577 113
448 11
179 345
585 606
985 212
17 26
558 907
616 536
179 826
114 861
922 862
135 607
176 532
448 809
377 245
838 26
77 436
897 532
202 456
918 386
442 443
265 381
780 487
109 195
932 58
656 480
485 794
318 857
317 507
679 940
918 783
296 683
816 418
779 310
656 443
361 459
514 57
805 534
440 950
438 65
187 195
813 11
671 125
582 328
750 926
589 548
3 603
515 369
975 267
558 289
138 404
638 115
140 586
824 651
253 463
320 954
447 499
929 336
698 31
592 758
3 851
355 656
343 147
534 632
901 299
355 737
372 641
380 148
143 232
860 622
354 571
336 210
988 806
267 644
360 263
952 508
626 239
865 941
773 242
632 612
517 472
735 288
111 506
494 502
976 401
684 421
228 294
122 801
284 112
639 708
144 707
327 50
68 933
424 339
65 71
28 77
356 578
506 51
344 394
937 155
544 19
502 175
359 754
588 996
148 907
131 253
890 12
563 158
585 634
801 533
948 428
813 538
409 364
322 739
587 181
903 553
796 927
67 793
429 162
856 178
343 956
787 708
404 544
244 167
706 908
249 847
344 629
127 938
184 990
131 697
558 240
192 441
505 678
187 126
794 394
335 814
233 236
8 626
725 971
119 744
640 178
909 604
20 965
849 283
119 665
594 497
116 861
724 668
915 152
750 374
721 57
802 85
642 522
829 908
812 350
134 374
706 549
52 283
90 82
309 244
4 646
265 118
433 980
752 758
968 563
473 507
773 214
939 242
979 314
490 798
624 426
695 721
476 861
739 833
167 472
460 294
47 774
229 623
195 531
913 364
142 46
643 519
899 913
331 211
668 242
869 607
265 673
237 293
592 316
459 887
61 23
423 656
943 425
302 291
784 622
302 146
654 167
503 535
785 84
218 869
311 448
847 690
566 843
23 76
960 478
780 329
835 782
175 369
657 18
862 469
648 299
390 608
227 606
196 663
843 440
461 565
870 851
338 192
376 499
139 305
488 749
451 483
681 694
180 850
235 473
690 39
97 280
124 567
382 491
898 320
868 598
23 609
823 926
850 984
51 965
713 464
876 772
879 423
402 617
220 736
78 194
560 77
155 803
137 748
120 436
432 976
570 26
494 114
974 312
498 81
926 905
138 142
765 397
94 711
534 544
369 452
632 446
595 562
826 482
973 337
833 454
405 741
835 368
104 134
213 300
752 530
165 393
466 548
60 689
389 817
235 573
731 336
256 746
131 390
739 893
276 741
834 91
393 391
677 447
748 587
645 601
614 260
366 519
574 9
867 1
596 577
368 354
672 17
621 18
531 214
777 378
100 519
247 976
277 515
4 333
667 391
852 137
429 968
654 131
69 353
14 738
736 674
257 639
938 606
443 852
567 535
624 119
553 189
537 544
192 195
874 483
778 580
396 700
398 671
884 10
496 585
762 348
709 435
41 627
528 11
512 896
992 88
673 755
340 904
125 398
367 433
828 677
379 527
675 42
180 596
988 931
241 610
992 422
357 92
589 459
310 834
439 618
365 257
299 223
906 77
10 6
587 406
21 646
471 73
530 736
169 520
151 680
638 528
198 653
734 979
75 338
379 56
159 814
553 547
368 311
60 597
354 47
298 206
816 78
948 256
17 366
554 415
230 602
136 12
449 219
123 428
291 744
313 628
596 613
759 251
936 722
866 153
972 352
573 771
101 914
503 558
614 998
255 409
572 333
496 312
792 885
500 464
946 150
515 951
684 806
524 703
706 566
339 67
502 413
110 898
491 140
734 216
439 484
296 910
649 654
33 877
69 103
948 670
535 142
397 151
810 667
784 114
735 583
582 692
225 282
137 872
617 89
770 428
242 984
903 136
816 306
64 567
144 987
710 962
914 911
855 352
146 904
772 852
760 990
11 254
87 75
128 50
771 712
461 146
745 31
788 13
256 150
95 605
195 395
753 405
626 157
840 728
534 1000
665 623
522 32
7 552
411 675
428 515
378 434
542 43
349 47
627 317
445 832
574 440
122 959
860 445
584 712
531 963
659 246
679 203
22 714
949 8
356 508
748 942
401 171
166 117
991 751
8 19
445 34
122 145
499 677
914 107
184 308
791 723
189 61
302 260
620 263
431 224
252 899
645 378
832 287
737 29
283 425
732 760
469 398
531 383
878 554
862 111
884 547
331 485
792 849
406 401
64 56
49 692
377 39
625 505
662 838
829 239
795 419
174 28
505 331
254 334
808 54
323 480
712 594
982 806
567 972
932 95
664 661
735 554
538 242
701 646
794 24
852 278
799 265
239 476
499 387
483 774
870 150
998 91
451 292
418 935
612 809
595 221
542 948
229 359
121 614
654 806
663 556
613 449
392 677
780 968
863 777
669 448
462 326
693 458
566 72
76 508
849 196
812 456
502 546
584 439
417 48
687 473
812 351
669 226
15 400
471 722
788 144
39 46
711 504
676 78
240 475
649 479
852 690
110 646
218 302
938 39
516 535
467 517
213 105
839 485
437 625
900 127
325 323
9 858
804 531
951 860
866 308
460 517
190 746
602 746
930 805
532 721
40 783
4 362
276 739
959 690
818 770
875 319
657 128
676 420
330 120
538 389
41 235
446 850
804 320
163 344
735 872
205 973
961 955
690 91
448 786
895 22
933 309
455 945
188 876
529 872
69 63
866 329
898 63
183 43
165 620
98 577
542 758
373 457
512 933
140 862
750 885
641 711
54 828
172 463
16 867
237 751
418 971
846 443
498 285
120 215
232 497
230 172
569 534
641 481
435 968
148 151
223 701
370 291
6 221
119 636
564 799
576 382
361 188
823 782
368 832
763 214
603 416
825 862
310 790
204 301
726 430
764 853
837 527
53 48
233 253
935 438
811 236
261 195
134 339
302 785
836 329
30 256
364 698
381 628
30 810
449 476
485 566
377 51
812 121
144 765
289 484
218 258
130 928
61 856
43 693
118 363
947 875
623 470
386 713
212 331
325 980
491 500
436 403
8 186
282 825
47 123
848 401
967 442
398 979
239 995
79 650
524 517
749 766
363 79
595 965
446 846
88 358
272 29
594 592
866 941
657 398
72 954
70 229
553 205
426 881
304 285
659 269
127 877
475 452
516 598
884 936
59 749
308 996
932 486
129 503
183 188
646 572
353 657
928 945
980 490
799 86
512 560
573 16
914 936
168 538
957 774
104 664
730 628
387 399
254 834
112 887
387 185
849 354
506 903
955 496
101 70
854 652
102 737
622 408
548 539
290 503
589 241
976 250
553 768
572 787
624 124
579 52
30 380
329 881
534 956
498 852
449 440
767 405
750 30
329 706
627 136
561 707
401 548
801 188
655 9
566 636
713 920
308 356
497 357
170 389
632 808
725 469
259 898
863 59
91 84
540 974
265 760
944 862
726 848
710 309
749 337
142 257
368 244
520 241
630 252
784 710
70 39
40 86
438 889
615 761
980 74
178 508
931 646
404 526
671 712
603 782
219 537
664 698
205 614
866 800
996 887
978 294
63 664
444 398
616 839
750 834
515 229
352 21
867 726
763 793
840 298
325 302
277 75
280 929
390 474
85 914
980 526
653 416
253 92
629 993
6 778
450 384
570 497
738 699
928 699
592 744
258 906
963 83
358 539
696 566
163 539
937 844
440 500
833 611
172 987
517 985
630 882
132 377
13 682
195 283
861 77
638 347
904 353
173 932
797 234
655 252
347 613
424 710
99 452
262 526
670 411
123 474
783 88
222 258
631 98
298 306
616 201
599 384
571 991
274 459
668 31
905 379
763 155
360 662
456 981
808 394
247 923
784 659
583 29
722 52
551 620
648 418
577 460
61 211
909 5
540 838
514 471
550 313
832 62
999 130
179 905
326 808
537 543
56 716
796 520
819 345
306 316
128 548
573 346
875 926
987 632
186 201
258 298
775 787
278 809
702 45
569 904
969 166
491 550
440 596
405 154
478 800
101 299
11 63
841 892
509 982
313 620
529 719
125 38
767 587
200 195
73 603
572 619
78 228
600 868
91 107
110 309
989 590
630 956
849 303
400 451
690 941
358 519
275 465
462 609
466 668
655 818
536 170
510 813
756 525
831 93
47 546
577 133
68 527
972 997
699 679
351 504
333 605
669 3
144 658
264 274
386 627
873 388
174 530
138 556
914 61
442 842
959 991
618 863
468 922
584 963
45 344
618 426
207 511
942 646
415 514
201 690
257 736
735 949
351 956
799 680
250 193
567 668
353 200
870 631
770 993
891 584
433 368
274 608
629 500
813 653
476 450
841 220
239 541
371 397
207 51
101 540
227 977
174 168
978 636
586 104
509 295
498 709
789 469
607 562
918 59
227 830
84 669
323 703
659 953
999 277
81 770
393 670
824 726
974 28
187 771
390 61
341 673
91 454
538 651
613 373
595 982
16 444
137 376
162 167
205 195
744 267
781 954
385 442
30 502
315 545
531 687
750 289
551 784
293 608
117 876
501 717
674 189
656 976
674 79
308 99
675 684
502 623
364 714
290 549
627 467
392 109
800 890
85 224
655 52
496 161
683 215
223 22
501 400
564 114
857 232
273 943
791 677
819 164
363 288
420 825
739 93
244 549
943 769
726 821
447 236
507 513
329 353
300 678
356 890
508 961
537 949
495 709
478 301
889 394
114 379
586 426
14 659
533 673
106 869
745 715
364 451
940 756
226 444
512 787
32 749
970 815
275 879
460 963
334 398
262 411
33 929
451 366
841 177
736 224
477 414
813 36
101 274
410 457
992 561
181 394
506 283
594 149
775 1000
922 428
178 268
394 69
968 34
977 436
973 530
392 638
485 149
141 841
312 437
292 715
167 969
977 453
433 108
65 821
604 892
785 958
609 530
612 343
349 791
756 907
446 147
674 110
531 715
57 80
794 700
728 335
87 372
221 802
612 437
891 214
854 478
178 599
462 209
264 116
462 891
70 635
285 962
646 629
677 448
604 672
255 724
773 957
43 656
230 786
48 927
806 63
493 752
903 915
373 810
714 982
198 335
435 139
425 993
507 557
41 145
758 38
705 170
851 252
148 352
947 149
913 997
257 601
311 266
258 736
895 288
524 697
429 187
286 732
927 51
58 551
330 256
79 911
26 57
796 466
379 993
749 515
128 601
277 199
844 793
410 267
432 463
875 949
306 488
714 509
496 966
871 129
858 736
641 270
589 592
572 866
756 199
538 958
166 983
633 372
48 142
997 263
733 209
457 590
577 845
826 853
103 505
162 13
57 289
429 553
320 957
962 612
963 197
780 949
216 894
910 866
196 77
641 202
517 951
715 498
997 256
798 819
748 650
511 636
4 828
721 198
731 365
187 779
721 343
778 662
47 879
32 28
804 874
296 385
294 956
260 228
782 97
290 847
921 771
425 76
118 195
504 595
651 89
982 258
952 827
744 573
31 601
969 664
531 385
952 938
519 820
294 745
340 415
892 732
396 89
629 287
131 924
391 470
926 54
505 329
128 694
649 947
59 366
207 94
455 705
905 822
304 343
845 744
455 860
262 464
580 619
326 120
107 299
733 19
185 549
116 11
599 590
175 658
34 258
77 416
576 321
906 862
581 976
84 600
461 82
618 87
985 872
983 205
510 481
812 59
480 692
102 735
780 559
509 654
868 866
997 66
212 782
730 847
108 943
380 68
306 931
399 194
646 65
594 270
262 830
29 65
356 972
358 919
588 496
971 504
474 176
924 978
781 887
764 17
360 823
488 268
180 66
416 747
833 360
264 957
622 34
988 615
346 793
899 517
95 998
916 388
479 71
584 629
392 275
472 175
697 314
869 604
908 604
123 342
600 898
830 841
252 929
148 904
22 929
448 118
857 990
914 367
404 737
245 73
27 906
339 908
891 587
840 679
639 313
201 915
240 839
21 558
188 255
842 108
330 344
300 880
600 150
413 655
675 324
220 191
59 251
775 737
870 801
46 487
186 234
442 80
91 315
629 823
851 357
580 365
85 841
908 292
487 593
200 145
71 918
319 360
215 75
842 691
402 612
753 292
48 574
431 915
15 720
988 760
369 360
234 51
215 937
988 623
664 77
919 815
665 692
868 917
869 444
164 688
232 79
226 700
159 678
223 371
425 456
99 289
981 835
622 79
649 4
568 135
809 739
648 831
133 313
657 951
235 719
491 345
146 180
807 809
982 305
17 417
914 177
364 120
165 121
204 977
334 928
717 978
156 876
986 559
951 979
753 872
701 8
776 161
887 765
958 599
356 891
235 122
878 992
205 798
496 366
596 145
372 239
581 451
675 514
984 18
75 930
663 657
98 257
631 617
689 930
618 809
514 271
399 819
457 230
354 245
828 467
282 507
14 92
474 611
58 354
791 334
81 579
387 540
195 671
249 757
231 829
73 423
382 443
801 306
662 217
701 573
776 844
29 596
233 169
324 112
881 885
609 454
334 169
245 530
449 961
431 849
15 534
295 262
310 6
633 441
306 777
24 106
632 255
725 814
121 894
115 344
817 492
11 437
507 386
286 784
95 651
60 380
736 863
315 159
768 135
218 194
971 384
717 156
323 921
620 673
172 535
817 718
630 566
186 919
460 282
209 542
393 343
360 926
967 229
934 502
222 292
425 198
355 133
781 609
416 783
244 651
597 137
675 883
175 56
578 352
771 292
202 221
501 149
601 127
729 178
749 335
697 588
667 100
463 201
106 532
200 278
170 967
790 364
581 423
514 352
328 467
400 64
667 130
154 115
482 580
69 100
883 560
168 331
331 681
595 484
542 217
970 832
42 706
889 880
247 602
413 1000
529 407
571 204
319 450
174 451
888 167
180 555
716 933
223 759
974 85
246 828
798 135
777 370
628 216
52 513
134 255
82 708
376 601
855 67
397 871
513 902
741 40
301 759
56 198
920 899
186 585
207 929
321 294
929 39
587 527
968 539
312 31
631 223
708 965
454 917
937 509
118 294
752 428
661 698
834 158
160 433
179 463
352 937
424 486
44 951
389 842
868 481
881 338
142 368
240 126
227 328
965 730
822 613
417 988
88 177
417 845
783 542
456 693
792 963
942 437
430 137
268 28
490 412
952 649
883 671
793 651
616 790
141 379
126 139
201 208
19 9
202 379
205 520
172 343
407 536
177 47
976 745
324 57
988 64
611 763
651 144
319 486
106 497
777 5
167 690
589 823
335 584
68 949
486 492
203 742
984 729
561 252
436 800
114 134
265 428
643 700
907 345
931 431
971 618
642 518
720 298
973 216
367 825
149 502
963 990
786 957
159 717
648 550
613 898
797 91
191 252
502 882
324 802
643 762
541 955
916 686
810 105
721 434
200 796
973 540
612 172
887 506
744 892
943 9
363 326
92 792
532 621
381 913
499 774
612 193
869 940
451 939
527 61
535 271
467 213
305 722
805 5
255 82
757 828
460 742
620 4
658 873
74 96
519 936
187 323
574 429
596 237
681 627
598 567
835 899
213 539
808 21
404 960
814 15
945 364
818 242
213 652
452 948
205 556
131 665
6 551
832 826
210 898
637 553
28 823
804 176
429 309
177 420
694 323
970 747
609 441
699 92
577 923
742 127
233 93
305 376
56 578
385 288
379 468
219 15
699 115
779 161
785 696
693 299
125 185
241 420
21 366
314 472
36 660
246 919
298 568
108 908
80 635
846 890
962 335
925 121
30 263
363 742
190 752
129 630
39 463
775 475
65 880
527 330
218 572
473 475
38 141
648 849
964 679
731 340
604 734
436 376
976 349
761 665
317 459
320 465
627 532
832 444
133 329
965 624
94 108
749 473
454 255
578 195
190 645
856 417
50 296
658 171
625 164
792 797
460 699
136 705
286 855
414 152
71 275
398 577
917 991
311 288
296 7
409 296
173 319
819 501
933 325
58 824
629 470
352 302
832 120
260 753
172 941
219 574
679 822
27 695
121 867
359 250
610 276
225 242
652 17
410 420
158 734
659 983
385 98
252 805
304 584
637 702
653 441
413 948
643 162
774 407
82 447
48 115
842 581
347 33
699 180
846 5
423 460
957 884
484 206
800 354
509 781
147 502
572 557
884 367
707 238
745 39
998 467
581 713
431 950
877 546
803 707
751 249
272 777
147 359
835 50
67 220
15 420
924 996
717 155
510 875
630 644
122 935
217 905
982 715
682 197
635 239
82 805
966 105
532 455
860 852
709 339
190 839
123 416
490 997
346 577
938 909
832 408
252 635
456 956
718 948
916 836
943 109
670 751
840 770
680 875
221 277
140 221
945 458
178 507
987 883
219 749
933 377
295 784
22 72
64 510
746 758
763 572
582 16
909 192
162 583
112 458
297 616
617 611
324 183
767 237
419 221
840 621
828 359
757 391
704 317
888 458
300 200
870 835
763 794
452 19
804 200
112 680
993 785
138 270
174 96
339 387
358 429
552 752
510 376
175 615
25 144
137 590
444 862
95 674
232 460
931 340
492 774
879 362
804 85
810 889
327 596
219 119
168 791
388 1000
389 433
392 491
870 298
138 243
264 947
711 754
750 364
200 392
608 261
403 237
354 581
760 704
200 535
688 316
427 288
963 882
747 987
513 679
437 327
590 439
960 753
191 359
842 342
995 159
18 142
204 165
830 113
616 189
246 360
873 530
639 707
731 668
623 410
442 949
901 234
708 740
946 259
749 16
604 840
553 317
722 968
887 390
123 317
786 429
53 602
350 796
4 370
155 230
692 775
731 811
843 181
496 344
101 771
710 167
804 296
588 711
222 861
942 442
453 23
974 587
426 933
140 39
533 584
127 849
558 245
980 335
139 153
680 131
7 422
192 804
68 144
163 252
1 201
129 60
600 587
803 44
762 644
974 7
500 650
621 818
362 663
716 970
560 318
404 70
64 821
176 351
358 683
531 551
803 266
471 392
65 585
452 198
854 715
536 541
786 555
508 341
646 71
774 8
445 926
356 47
12 787
242 178
726 352
843 644
716 398
76 45
539 655
703 144
579 158
912 891
859 446
143 489
437 716
611 305
186 844
138 555
397 334
401 139
963 541
801 490
38 467
635 501
131 220
350 464
264 507
106 636
821 697
843 337
187 725
726 526
197 468
605 503
248 340
637 966
777 611
770 223
439 40
374 519
401 188
664 757
224 188
166 819
459 697
727 682
220 40
438 147
685 242
580 472
405 187
574 471
675 53
681 996
261 412
462 311
279 839
980 688
932 563
185 146
849 139
889 762
581 724
833 692
418 280
920 74
337 968
85 538
696 727
214 374
848 476
901 366
787 256
155 580
33 32
878 937
579 237
178 686
149 653
255 940
271 139
900 715
497 492
364 538
561 731
708 542
948 45
507 183
701 435
77 633
40 10
565 292
14 90
293 417
175 77
566 694
952 757
87 774
936 282
701 6
9 596
818 802
396 140
280 392
369 758
66 654
784 877
54 579
738 252
405 283
266 627
527 604
487 435
988 372
510 16
481 254
782 522
185 754
187 76
171 963
172 280
563 665
233 286
469 902
328 230
898 142
242 596
258 273
7 494
799 82
582 358
604 426
897 974
37 851
524 171
85 875
964 34
343 423
399 497
918 919
762 529
280 103
140 563
769 421
572 558
133 822
760 822
488 25
696 542
716 609
464 34
686 653
618 335
211 879
384 560
930 195
949 37
697 180
660 40
932 821
901 322
80 82
708 860
782 511
915 218
535 797
886 563
668 482
62 81
651 756
858 16
416 108
172 695
969 202
61 775
711 333
753 95
276 646
856 352
456 814
338 14
735 232
649 245
578 181
672 50
781 496
616 863
596 709
606 730
532 550
559 207
691 511
450 595
607 179
614 725
135 708
248 430
965 885
785 23
951 678
495 730
425 640
120 744
700 85
315 177
26 4
373 363
733 411
382 251
457 128
547 331
72 809
733 12
785 515
862 688
435 12
997 663
944 365
136 826
894 225
354 171
409 839
141 648
770 344
785 270
723 360
686 348
45 300
873 443
314 191
298 728
251 744
911 430
713 403
822 31
343 399
424 480
970 481
320 815
135 332
968 831
785 927
971 576
592 891
539 900
385 521
116 613
284 313
241 252
95 745
484 848
178 743
30 348
52 188
769 732
994 517
776 900
481 958
557 597
122 952
431 280
679 198
797 151
378 145
269 286
52 978
761 592
777 475
562 931
355 163
28 75
88 998
749 15
744 723
829 496
869 950
429 617
911 689
933 169
79 729
815 85
415 699
640 875
736 752
409 374
890 121
563 21
467 168
878 514
87 959
184 646
852 61
391 467
430 143
801 777
586 481
951 315
239 517
993 481
866 849
227 953
249 849
647 67
322 927
452 850
655 617
20 638
170 354
296 766
908 477
909 884
659 929
559 791
132 589
149 975
940 846
247 593
231 839
641 367
128 838
536 415
580 372
249 540
729 874
183 273
758 751
998 190
160 710
917 172
367 101
237 953
132 503
594 378
760 878
946 979
485 315
124 493
307 567
110 150
381 506
985 536
960 10
397 538
953 90
366 385
204 484
958 197
371 557
692 305
848 31
591 889
118 401
228 369
734 575
476 859
940 638
1000 377
319 747
53 411
57 984
386 766
630 495
628 631
649 188
796 53
670 522
14 494
606 388
377 968
60 376
80 614
226 617
457 284
222 28
244 636
770 954
313 913
232 939
653 975
529 65
511 183
937 558
835 901
196 669
896 763
491 843
659 437
884 802
996 932
138 988
232 841
674 405
529 867
69 58
589 819
679 925
908 449
430 901
215 497
842 333
954 259
771 843
224 44
642 422
585 37
567 205
385 181
993 856
685 2
758 600
120 220
102 924
819 964
966 629
200 148
201 445
846 47
137 645
3 375
34 7
272 656
462 679
855 404
512 486
417 102
720 377
976 787
187 34
746 421
697 159
91 248
57 56
481 772
457 866
472 961
731 356
950 682
850 534
834 947
346 841
256 625
994 717
36 990
496 147
198 581
825 285
259 707
367 674
725 316
998 960
490 911
491 346
845 537
204 893
868 468
523 755
193 244
654 107
445 198
786 169
347 847
22 977
812 787
173 539
781 348
126 517
640 932
437 882
903 841
305 764
696 507
679 722
630 4
26 190
463 103
600 87
140 138
838 49
676 340
533 685
371 508
912 194
201 29
339 521
663 431
921 308
80 910
429 117
250 562
895 390
580 611
923 627
440 929
737 157
901 892
767 809
935 525
340 773
785 656
634 993
449 631
310 836
405 944
941 670
357 471
119 381
781 986
706 518
677 793
859 170
695 448
868 948
179 97
9 692
828 8
31 325
871 35
543 946
415 787
713 899
74 659
679 178
80 256
247 876
595 787
592 363
888 818
833 119
636 892
252 629
58 862
442 753
558 547
793 366
744 709
763 355
674 752
476 464
978 622
501 3
732 641
986 514
301 364
639 242
182 529
425 815
837 669
904 627
720 448
582 22
72 987
442 612
19 904
996 892
283 527
379 850
768 621
253 885
939 760
476 20
794 433
272 427
440 957
594 226
907 268
372 212
631 779
977 379
171 716
867 955
507 288
927 157
875 612
883 113
673 881
488 231
381 356
935 279
422 686
724 758
854 685
930 117
931 436
846 769
81 505
744 327
981 550
216 608
237 246
574 655
190 180
378 444
33 239
221 770
220 891
248 928
742 720
545 116
939 303
263 862
583 869
806 204
808 946
8 25
543 732
389 900
754 356
919 276
44 946
540 47
744 658
856 492
107 4
855 742
643 462
535 740
391 292
810 293
299 808
657 158
535 341
224 453
956 910
494 821
465 941
466 382
925 901
340 411
696 435
737 793
421 626
27 851
49 319
356 909
127 962
553 255
150 31
153 233
395 868
110 462
477 288
962 896
380 557
43 909
664 522
278 802
542 559
818 303
12 378
257 101
3 521
408 247
871 822
908 316
927 224
181 383
772 822
952 164
383 889
295 203
134 79
211 968
485 169
949 890
152 410
447 109
87 218
588 413
716 682
293 631
749 916
849 79
483 345
102 573
105 495
233 674
231 888
454 714
47 553
270 200
881 463
511 540
826 440
317 307
856 571
998 842
674 884
507 173
843 791
990 714
347 580
575 468
333 553
706 5
122 844
394 703
680 632
878 383
169 245
447 649
423 568
642 4
770 665
912 702
290 879
274 296
596 411
743 532
348 229
193 152
332 674
731 920
326 476
93 511
288 880
45 636
635 498
175 137
89 328
218 876
314 623
296 46
558 970
212 130
58 616
115 633
996 982
297 388
84 964
718 575
644 678
942 71
54 647
554 695
22 481
338 74
853 985
749 856
842 330
978 821
955 57
188 584
138 373
751 403
606 626
848 794
577 920
707 985
45 226
922 561
780 795
547 96
894 393
71 914
535 613
536 382
902 413
236 210
98 242
454 153
159 396
343 227
111 135
301 683
565 878
214 372
397 940
843 580
461 293
869 440
233 670
34 857
683 44
903 118
902 846
246 692
618 523
765 744
125 521
143 94
751 821
790 943
848 252
977 920
959 792
195 615
38 696
38 19
494 433
902 616
709 838
670 468
768 795
914 26
950 868
296 349
518 664
98 217
110 336
549 894
666 570
39 524
596 447
230 597
691 485
395 595
911 744
861 941
990 83
296 123
832 349
688 913
156 671
931 515
773 536
156 526
782 750
457 25
371 511
460 916
597 821
965 945
679 819
838 208
253 848
325 419
330 459
903 268
529 991
732 226
70 505
385 103
426 669
779 403
121 439
21 920
399 578
456 140
367 446
370 494
43 412
867 926
997 851
817 181
205 384
523 176
979 681
48 453
68 904
769 443
898 577
594 432
343 135
367 781
356 18
107 101
453 980
863 621
264 795
356 225
998 560
678 690
626 195
494 371
542 477
122 930
428 677
858 30
721 127
167 264
703 170
134 595
527 472
731 693
199 123
916 609
778 590
587 466
680 560
248 722
490 627
917 798
710 27
390 886
597 6
540 473
607 189
151 75
248 432
13 38
676 506
19 685
482 977
201 943
443 998
620 222
676 216
182 385
771 228
142 297
283 526
124 912
234 48
594 848
480 464
728 694
936 51
430 962
770 423
901 863
958 793
6 893
888 60
300 90
798 489
357 135
451 222
489 23
769 229
665 52
78 99
542 978
121 572
893 934
965 489
211 902
551 608
974 89
704 589
837 687
507 324
555 498
974 456
650 386
928 544
603 494
968 801
57 6
954 892
721 31
282 743
405 580
372 649
946 956
414 914
272 903
169 621
25 721
9 244
302 851
433 928
685 803
473 487
237 134
312 35
294 215
392 91
919 6
803 943
976 393
902 929
22 422
545 228
85 163
259 282
556 540
206 889
703 351
523 685
224 466
601 189
618 869
268 724
273 106
795 237
139 833
913 154
782 246
991 481
523 907
891 821
527 835
931 586
714 838
507 716
628 896
679 516
645 500
302 233
639 256
822 992
572 837
199 675
136 619
598 559
636 726
355 155
487 709
149 747
56 717
960 232
802 711
179 572
790 108
131 673
44 390
45 987
763 842
770 24
422 783
666 89
872 942
889 784
823 29
236 985
215 297
940 991
871 817
15 968
660 430
953 412
935 724
993 891
152 253
480 730
341 663
656 701
345 716
499 238
370 137
564 689
516 863
506 953
396 847
592 714
848 356
629 737
116 980
467 974
647 247
33 424
567 844
403 10
96 520
133 925
48 747
363 766
474 189
475 748
441 812
354 471
191 248
692 307
87 315
713 888
243 952
817 778
123 15
221 918
296 467
670 505
692 81
52 944
326 307
74 680
881 40
313 580
351 132
126 668
914 70
329 510
593 525
151 173
436 655
412 703
382 629
772 801
101 979
852 893
218 877
870 617
346 246
746 555
434 901
729 143
81 40
684 997
520 798
297 395
795 388
474 793
861 155
754 845
562 24
804 45
870 695
67 539
784 177
549 511
277 28
776 853
228 622
447 716
139 23
68 247
18 689
495 208
754 615
949 955
254 809
382 354
427 929
124 301
286 100
719 726
869 197
285 436
87 8
879 28
275 386
464 57
66 261
30 504
667 27
569 362
882 163
1000 42
503 265
141 181
233 669
881 281
830 466
280 458
199 257
38 129
940 304
167 359
960 967
817 822
205 962
735 352
890 507
925 264
655 419
179 410
307 209
517 78
188 340
482 121
674 635
35 763
164 477
900 489
723 582
657 212
910 134
40 210
494 771
778 413
220 990
529 402
782 892
295 826
856 981
254 401
963 923
583 368
326 219
735 693
224 381
335 91
305 988
325 17
235 138
165 696
763 710
381 530
608 834
1 276
365 929
211 541
227 832
728 731
809 335
140 889
396 723
919 700
224 970
477 408
408 129
945 110
429 277
626 685
617 822
690 698
305 408
345 667
915 547
128 191
567 95
148 178
30 58
50 684
312 443
20 116
24 111
890 1000
651 954
67 51
961 767
698 499
189 764
426 222
209 230
48 292
285 9
859 172
833 369
826 287
302 820
375 134
468 548
343 671
643 792
511 582
76 225
422 509
647 748
83 839
858 31
125 556
809 689
773 22
692 410
765 636
716 32
95 37
976 317
796 456
29 471
433 758
344 439
867 37
969 533
307 90
438 752
203 349
903 798
207 445
688 815
583 54
921 587
848 549
903 54
350 318
300 535
67 804
139 403
502 405
430 118
931 655
126 257
75 581
595 378
408 592
211 5
527 701
306 275
145 663
294 942
240 755
373 281
840 450
2 939
580 396
961 646
581 85
733 186
696 203
662 285
872 962
448 750
174 478
236 773
298 564
405 240
251 271
470 990
181 281
531 177
902 459
885 513
727 290
323 40
953 353
150 671
944 172
144 920
161 182
569 305
698 407
590 153
746 507
584 274
12 875
95 746
209 339
618 561
747 991
990 605
592 924
935 196
318 222
583 726
30 722
714 643
967 823
753 239
972 79
702 160
425 148
725 257
948 224
878 353
716 68
899 956
195 129
571 980
735 201
222 404
181 214
946 336
527 221
839 31
567 551
661 935
791 856
173 247
722 185
753 885
531 391
843 169
19 603
594 753
582 624
945 265
923 241
908 875
981 299
291 891
718 694
900 711
867 396
706 530
16 450
235 214
112 411
24 973
614 470
64 478
746 726
709 482
541 612
549 329
272 235
951 474
258 293
580 480
263 52
728 659
399 532
22 774
376 813
512 767
423 107
713 338
822 476
79 429
967 659
971 771
183 387
564 690
584 80
237 950
1 406
590 74
60 977
242 972
745 822
742 769
321 507
224 515
376 745
894 559
733 755
523 413
873 976
887 626
458 406
955 790
8 473
213 384
725 293
17 934
530 341
792 616
42 139
561 898
181 580
644 108
791 783
387 221
84 369
526 72
17 72
951 965
348 574
351 933
524 537
597 61
946 199
892 655
966 130
455 651
776 282
969 634
541 518
211 223
235 37
352 263
336 892
830 572
841 197
224 193
596 77
831 998
80 933
10 580
616 887
980 248
842 249
384 433
274 893
411 641
580 437
836 991
139 185
625 560
148 441
444 572
897 998
90 448
861 583
318 632
120 223
211 648
803 460
667 823
771 618
722 4
907 410
865 36
608 227
917 205
556 131
697 387
374 589
67 86
565 763
603 440
894 361
162 190
219 435
113 660
360 123
588 387
56 788
474 239
982 143
252 424
548 717
185 481
977 781
105 602
76 101
289 259
517 171
406 954
416 906
916 591
596 731
498 522
264 46
156 68
311 744
98 215
887 469
952 47
726 989
106 698
378 71
271 474
294 841
188 452
248 551
799 740
88 80
491 125
311 398
541 633
321 734
433 260
714 159
477 979
31 16
596 159
154 502
620 101
178 464
418 547
843 462
745 716
690 119
598 938
309 955
145 682
944 758
541 780
379 843
305 44
456 464
40 303
893 702
491 598
510 246
42 824
945 109
693 711
486 335
289 641
879 748
127 587
111 854
539 106
522 497
685 99
929 678
875 637
402 563
137 678
580 222
263 290
858 472
205 438
215 101
396 897
94 910
935 364
225 689
483 437
722 63
232 243
16 756
254 548
32 204
635 731
116 525
190 268
506 609
501 682
99 887
158 441
877 831
933 637
200 591
83 838
246 662
764 87
983 311
952 89
556 221
19 130
384 517
539 587
976 431
207 745
133 246
346 347
800 925
35 952
877 97
345 112
904 912
920 614
795 914
264 202
302 390
928 49
565 260
145 185
75 56
445 543
26 588
298 489
652 648
361 859
820 374
242 283
566 662
623 611
682 371
386 852
848 919
923 103
251 417
875 366
782 942
567 684
813 556
710 188
930 980
572 309
23 143
120 748
671 547
249 968
303 751
783 689
163 280
400 70
992 928
496 543
831 937
705 461
33 868
442 304
121 375
741 525
297 764
102 121
728 696
379 708
774 49
995 837
811 723
119 798
546 412
603 597
361 66
180 360
953 390
537 71
600 737
361 211
589 244
510 460
944 222
963 202
976 103
108 819
513 111
876 837
978 873
683 315
206 884
462 738
615 488
618 284
690 897
196 515
955 559
815 790
906 249
212 864
673 210
980 970
323 329
220 967
460 86
831 33
332 342
742 727
138 929
602 74
14 244
787 52
990 749
994 752
282 564
126 791
398 198
482 79
134 716
764 345
530 129
70 154
939 493
654 38
565 393
605 716
930 790
92 929
308 614
718 917
38 315
480 837
244 612
559 239
317 208
763 256
518 36
109 910
352 653
813 528
653 126
692 947
177 141
624 89
239 656
139 446
363 716
641 976
218 937
170 820
390 525
374 572
879 977
936 131
149 858
296 738
392 993
527 640
525 463
379 883
180 832
732 821
568 846
272 379
992 170
573 451
667 898
18 378
729 765
841 923
605 82
927 703
873 266
374 841
638 10
219 136
383 917
77 298
404 110
188 645
337 197
229 511
345 722
13 538
825 728
772 817
475 506
560 91
765 14
107 876
864 801
357 492
17 993
753 479
806 547
171 88
355 775
470 670
328 589
935 26
29 203
748 741
878 32
695 698
948 86
384 693
215 593
402 78
186 841
703 236
687 747
14 67
696 22
571 898
256 695
388 412
808 479
464 953
212 431
325 904
217 279
344 915
899 185
486 148
135 763
942 761
433 287
804 762
951 629
349 681
960 527
191 924
657 8
127 18
383 484
904 703
979 229
410 168
512 476
356 940
700 25
404 974
689 776
385 971
127 880
240 604
81 600
638 324
474 569
846 273
97 278
981 89
615 108
926 745
271 572
755 857
63 958
906 882
543 96
374 853
395 496
489 493
239 217
849 381
135 498
138 82
68 919
672 880
901 695
812 22
944 230
765 18
825 869
314 482
959 470
337 963
410 945
346 51
38 933
631 510
574 647
696 869
882 48
441 846
134 475
506 300
627 241
392 21
457 553
591 974
719 769
136 26
688 551
303 150
730 366
363 395
389 985
411 49
359 735
933 156
575 683
43 586
100 521
474 451
490 685
587 9
221 267
611 159
499 921
154 324
227 646
369 745
334 581
302 39
408 835
433 148
843 147
18 550
23 219
939 946
409 163
432 332
250 463
303 699
822 601
549 191
328 269
761 57
581 238
969 4
239 430
370 523
533 591
779 263
548 72
107 744
839 699
900 845
684 4
690 297
84 552
641 427
917 14
777 699
244 310
392 663
735 971
410 576
765 212
788 285
72 351
580 223
855 455
661 122
771 726
336 451
576 693
466 570
216 793
416 491
897 284
547 716
238 25
891 369
307 992
532 239
881 315
844 137
60 760
27 481
215 680
403 290
207 744
812 574
602 486
652 359
786 161
115 579
329 602
950 980
277 986
647 908
445 20
685 435
726 911
578 751
515 626
237 338
369 986
499 855
857 743
216 115
562 446
71 207
304 758
625 579
748 241
17 23
838 390
750 401
455 594
538 450
921 506
745 798
196 578
583 342
498 789
143 785
153 785
123 839
410 224
130 227
387 720
747 230
641 661
936 823
723 17
214 644
87 293
197 858
608 991
367 366
581 996
594 113
777 727
443 423
457 984
216 983
358 310
161 326
771 677
945 874
640 248
57 410
611 239
632 290
744 316
462 739
985 566
68 894
108 835
270 470
762 51
483 289
925 138
466 689
51 549
750 481
128 298
916 435
668 428
794 787
65 897
997 264
229 926
51 594
436 24
76 7
186 963
666 812
367 625
351 28
248 787
640 723
97 754
648 254
761 603
264 231
528 852
346 559
613 894
668 16
27 152
924 394
390 297
749 411
390 442
222 37
514 56
960 350
100 705
670 717
327 61
516 211
614 746
26 323
918 862
757 210
459 563
121 48
128 856
47 280
32 591
58 707
404 555
81 738
637 941
529 890
200 48
7 271
210 921
96 934
11 840
817 935
968 309
460 447
126 29
823 233
20 746
93 972
441 411
738 387
760 183
634 720
38 110
712 826
469 953
71 789
20 857
797 552
258 722
395 471
414 49
306 742
950 135
457 530
976 526
149 172
284 965
525 513
196 137
750 560
128 121
186 419
751 495
963 169
693 464
381 260
42 674
601 689
233 789
418 353
224 560
133 922
450 14
682 869
351 338
78 574
635 847
492 292
390 758
518 406
367 548
575 67
706 238
873 615
553 609
157 706
247 163
765 546
803 446
87 538
96 951
740 352
856 416
856 349
759 970
71 6
165 77
203 406
44 914
498 710
725 5
587 108
53 696
735 956
870 669
672 494
106 614
507 749
623 779
630 61
245 81
706 709
505 508
97 218
260 516
335 64
999 217
910 989
457 242
24 555
425 620
634 274
799 326
838 232
605 625
862 738
922 191
797 801
779 282
821 800
999 447
33 924
175 713
861 442
989 229
811 653
991 811
650 517
262 327
335 791
284 779
376 220
358 412
295 91
621 895
233 70
881 978
608 118
885 663
333 163
962 565
390 42
673 974
911 470
265 156
129 828
112 980
171 409
65 702
51 895
788 88
972 717
333 389
707 136
980 924
379 203
877 712
254 665
38 986
100 103
651 881
673 153
786 920
454 554
453 909
39 452
319 852
158 466
952 447
130 775
938 126
591 856
575 103
544 281
679 133
402 179
886 971
133 289
708 683
490 904
734 687
327 337
574 52
354 75
229 804
688 695
406 848
467 408
982 329
776 415
36 643
675 716
649 663
459 780
192 897
766 879
514 626
821 630
491 127
501 42
818 988
321 732
840 892
343 795
554 994
538 495
236 928
919 62
26 187
300 558
269 997
54 581
918 432
357 572
286 632
567 921
571 474
23 843
444 463
323 757
909 806
782 524
54 871
82 148
653 189
379 826
381 575
503 58
281 186
449 808
12 318
382 306
989 378
940 930
387 802
580 329
710 572
974 65
704 613
744 434
341 588
654 919
803 379
816 602
578 553
453 370
49 503
926 119
893 224
328 680
561 910
167 897
855 36
307 626
788 227
864 601
685 549
449 122
311 955
31 142
26 825
248 905
976 417
761 717
83 825
655 19
956 530
332 340
647 911
687 674
350 112
226 930
155 98
249 259
909 309
692 187
109 791
278 364
999 946
69 441
434 102
161 934
829 111
762 50
202 858
139 404
930 602
623 944
774 814
465 614
875 31
657 352
68 238
23 879
941 168
597 305
859 547
895 417
185 528
706 862
853 925
803 168
275 515
438 93
990 831
741 668
188 524
7 456
375 690
157 507
756 127
988 753
831 623
334 141
826 109
457 710
332 982
996 445
436 852
57 409
756 285
686 576
245 784
971 582
382 368
687 900
974 383
354 604
480 911
65 535
189 881
789 682
81 269
263 695
123 246
52 186
181 986
809 513
50 230
773 230
98 795
852 673
941 816
467 645
87 384
968 658
679 252
386 613
574 914
242 363
320 481
997 489
636 191
783 162
346 701
75 73
248 643
943 296
783 211
1 971
18 939
72 418
866 295
246 13
910 210
481 353
296 168
539 228
758 488
845 217
139 722
981 327
412 710
715 487
883 841
644 937
166 477
575 627
101 780
537 628
724 14
945 495
287 264
54 525
537 741
149 759
22 111
704 114
780 447
49 387
359 170
822 518
40 346
793 828
914 398
778 191
317 658
879 576
496 795
813 466
703 817
110 630
412 36
757 277
813 99
318 579
951 245
628 102
901 960
499 170
262 122
599 679
431 785
713 288
73 577
371 799
93 542
962 577
5 647
287 610
574 626
629 749
333 480
834 647
561 837
945 742
985 529
713 514
552 896
76 326
955 589
618 641
960 832
798 69
523 414
699 689
557 691
597 390
907 908
472 777
15 187
311 784
96 985
393 407
394 696
455 465
294 977
99 123
464 474
303 109
126 640
252 587
553 258
806 124
937 227
424 458
557 998
338 624
726 807
175 39
364 156
702 970
317 242
857 805
566 975
697 908
554 783
369 707
387 508
10 865
304 526
253 613
144 231
903 447
383 486
974 575
477 125
891 563
128 619
540 460
158 603
140 962
602 821
129 375
358 2
586 225
550 908
629 141
331 966
595 21
888 9
559 694
693 736
382 279
77 379
594 167
387 969
195 240
712 934
875 658
418 49
400 588
310 195
839 580
851 477
341 695
196 238
471 52
722 527
590 58
223 567
885 710
523 79
997 28
798 199
720 58
640 161
399 184
459 485
134 191
601 652
176 449
413 492
188 986
129 989
189 581
6 389
191 139
837 901
38 810
792 314
351 433
99 296
246 649
372 892
891 196
379 40
602 50
184 42
955 823
61 764
329 700
463 319
994 694
283 223
503 312
705 871
39 698
867 13
505 204
947 997
985 90
606 362
667 482
117 295
333 810
984 158
506 238
363 171
737 634
682 301
221 963
725 137
748 30
421 129
866 49
465 1000
514 405
365 891
496 758
444 270
853 678
323 615
689 15
988 371
650 964
117 155
672 600
514 183
382 81
262 401
210 94
249 764
324 234
566 749
21 214
519 315
131 522
570 369
770 328
43 403
272 611
863 805
112 866
59 877
82 326
667 326
358 667
375 272
768 963
474 428
665 381
258 957
855 438
234 556
901 200
592 662
369 259
224 522
462 564
156 487
30 472
837 1000
418 422
730 959
358 852
570 804
318 227
914 149
744 15
997 355
691 520
88 755
659 230
332 454
460 275
136 169
744 926
307 128
532 463
806 218
630 446
351 75
564 88
655 387
217 179
398 152
94 235
496 86
559 517
174 707
511 303
576 917
60 318
888 935
994 64
389 588
265 591
235 960
92 591
112 149
282 147
88 222
913 979
770 892
329 148
764 960
245 8
288 671
195 241
588 554
758 222
339 60
870 791
597 581
504 108
656 25
897 769
261 373
148 397
95 33
499 435
52 417
177 395
414 328
681 523
429 373
395 429
556 288
98 894
45 293
431 892
841 734
91 491
698 177
149 263
155 886
565 655
987 213
423 121
814 634
173 457
467 934
547 746
807 164
26 151
521 267
996 99
725 555
212 978
161 127
668 425
440 221
977 842
725 668
411 812
587 663
830 121
119 18
311 351
285 956
986 859
293 401
95 5
562 602
393 731
838 695
201 562
341 851
458 163
556 893
260 780
799 697
675 999
141 63
913 46
734 390
518 903
633 881
463 180
891 697
840 693
386 89
601 380
50 202
588 590
352 494
775 614
288 299
609 202
754 949
940 694
337 399
796 690
626 249
970 877
22 334
660 452
391 908
175 789
716 883
73 759
241 597
827 458
538 779
615 299
552 611
720 517
928 722
450 362
547 936
713 432
38 557
424 849
699 316
298 822
670 38
836 458
342 407
750 272
597 601
241 256
726 217
156 303
923 490
655 775
492 362
664 490
389 191
502 728
268 768
233 565
91 947
609 818
636 109
94 385
331 113
484 593
677 398
427 465
240 181
630 486
499 864
703 382
264 133
601 156
599 441
624 779
770 462
854 122
578 448
956 842
740 753
958 264
231 510
539 195
718 638
728 136
800 277
505 17
343 881
553 35
226 333
64 16
619 814
359 491
822 961
576 716
182 544
365 662
352 283
118 886
84 962
377 184
269 848
409 117
373 300
624 675
503 953
126 172
842 229
880 944
66 802
763 877
604 303
452 972
717 934
270 848
435 935
755 858
81 895
543 109
842 598
644 157
6 201
56 570
534 723
628 234
777 638
271 586
101 86
879 289
731 227
92 811
785 975
381 294
424 845
557 920
152 508
299 127
617 8
691 785
496 448
472 601
627 419
664 87
993 934
668 615
523 300
172 918
321 372
273 50
656 971
995 276
833 465
981 841
711 464
753 218
762 600
834 61
484 742
74 614
471 1000
277 963
298 366
798 531
70 762
455 436
937 333
888 797
918 957
601 248
365 455
203 436
334 942
820 256
800 194
491 113
292 358
810 487
459 671
408 859
155 166
525 866
221 269
668 406
66 646
112 328
166 629
278 19
101 724
374 712
656 175
131 879
795 276
27 654
288 491
54 869
371 227
651 501
154 775
932 490
131 525
707 203
965 366
845 904
538 976
742 16
779 486
449 991
121 794
162 508
327 986
555 639
112 867
150 574
50 681
508 237
2 516
556 99
764 798
376 583
397 889
767 645
327 760
94 797
314 389
557 327
246 968
742 973
855 38
345 297
588 419
160 850
858 105
752 732
695 590
554 366
648 999
721 215
117 966
123 93
495 533
644 371
956 556
539 508
811 371
322 348
821 950
56 368
592 354
782 3
975 422
531 257
539 282
45 769
835 663
992 582
554 821
347 977
477 898
459 699
761 271
889 450
264 443
726 735
784 818
583 623
71 494
878 906
883 796
840 599
481 48
335 405
709 376
47 257
911 148
662 806
122 587
614 559
316 358
687 337
266 543
568 967
182 411
239 606
426 857
213 742
980 316
529 812
470 646
417 522
382 114
129 446
949 428
596 113
315 407
597 565
211 358
111 769
22 274
922 356
784 269
56 660
509 966
534 441
594 108
560 804
816 190
889 600
375 573
488 863
825 153
436 679
328 1000
755 899
202 769
77 147
775 86
688 120
30 27
275 184
289 109
807 321
281 551
266 437
821 421
34 953
29 114
466 684
964 435
454 737
200 512
114 122
467 672
426 78
372 774
1000 103
181 984
501 571
156 234
48 547
164 685
942 211
445 196
269 278
697 299
221 573
726 942
930 675
914 92
381 899
169 19
179 70
442 668
443 717
886 211
118 73
241 224
469 401
571 713
607 159
75 774
3 563
204 610
796 894
637 840
198 64
837 461
848 661
113 230
122 358
73 186
952 659
115 531
540 490
858 937
785 277
719 132
277 145
304 209
456 492
699 440
667 360
489 100
306 530
660 453
821 340
131 581
975 332
263 64
563 582
267 133
183 361
721 706
328 963
47 250
819 865
234 323
107 979
290 81
932 512
647 813
25 996
501 987
788 71
475 964
919 943
868 789
137 371
377 854
543 319
765 507
400 607
402 793
419 653
115 282
644 104
261 210
337 884
375 212
159 333
342 7
695 513
254 755
845 404
367 944
74 700
759 370
56 610
964 550
414 515
678 764
393 260
877 916
665 880
725 288
28 48
692 95
17 289
313 590
54 115
959 963
545 779
584 975
87 644
812 807
706 318
778 915
100 446
930 822
970 379
576 990
848 595
596 273
597 30
93 725
748 52
537 933
900 273
313 809
724 445
466 349
800 389
69 256
704 33
188 242
752 911
156 592
128 621
606 968
753 564
131 882
376 1
288 823
328 356
58 341
97 441
68 366
34 458
126 60
953 880
686 194
423 333
842 599
990 715
93 719
441 150
206 918
651 7
300 431
393 795
195 131
200 235
755 123
336 475
816 981
45 509
180 356
3 921
704 826
869 80
449 653
821 413
659 494
897 421
458 725
316 731
371 608
29 58
602 236
887 639
350 651
878 81
950 674
440 39
612 389
886 556
393 215
826 615
350 889
488 492
207 784
635 221
490 868
416 911
97 718
424 650
523 666
946 563
105 895
236 151
219 269
455 439
900 64
632 904
122 218
86 369
164 475
476 597
810 341
922 683
262 79
601 104
784 696
450 580
662 569
113 390
442 596
84 1
770 918
787 556
737 745
122 560
956 77
814 343
852 14
157 976
781 54
878 862
274 952
205 996
850 475
795 358
173 326
234 706
794 50
832 993
773 165
71 547
107 351
40 739
711 519
560 987
758 914
372 73
409 961
391 49
197 866
616 891
36 288
638 247
236 575
243 77
157 389
609 809
971 881
517 677
719 771
9 406
483 555
779 118
528 482
410 767
688 44
313 383
609 558
574 520
24 228
315 935
36 217
995 418
616 96
462 933
35 975
33 219
142 807
754 7
369 99
80 218
796 288
389 246
941 969
857 310
195 797
142 982
203 228
556 672
762 637
356 462
804 890
52 967
591 942
61 911
298 323
467 456
982 505
108 430
182 941
939 470
451 988
749 435
87 844
435 151
364 87
572 492
493 629
248 584
145 893
777 409
478 362
249 98
178 30
624 50
516 138
810 619
447 715
870 555
157 948
909 101
141 251
897 613
28 250
701 771
463 496
577 899
547 485
395 880
287 166
599 515
683 780
222 905
650 998
337 417
524 915
991 863
637 630
819 761
770 360
33 550
974 791
10 488
604 272
873 273
837 374
324 95
681 922
483 758
803 395
396 979
707 807
889 712
121 694
4 627
920 28
333 505
150 657
389 423
402 260
12 658
300 500
950 328
916 447
95 720
481 836
354 458
106 295
605 29
412 238
367 524
351 395
155 692
821 247
148 990
4 951
613 885
269 277
364 917
536 1000
888 931
782 109
967 83
625 56
454 162
455 383
282 979
969 571
810 296
22 913
188 393
780 957
911 553
164 354
607 158
918 351
991 383
917 201
515 897
934 981
115 613
329 7
311 147
724 339
740 787
118 667
49 384
100 661
223 541
295 703
723 64
973 770
154 205
413 592
182 279
162 836
779 330
54 989
920 299
774 442
85 953
974 13
722 26
813 241
10 238
124 256
710 635
200 240
573 785
963 658
622 498
642 618
369 376
208 186
579 477
502 572
512 386
933 734
897 344
601 659
241 262
901 368
477 78
891 332
988 526
668 396
798 795
506 277
95 690
424 512
705 689
156 207
622 46
787 87
231 233
725 303
411 955
378 186
985 466
236 172
843 924
792 622
908 592
356 533
344 117
696 138
381 934
455 355
114 547
227 256
959 32
598 241
800 184
231 504
801 593
537 827
679 592
614 827
796 812
913 8
135 519
118 965
411 487
144 218
369 429
883 727
149 679
97 884
174 74
586 10
491 834
165 653
173 907
995 626
192 357
903 288
689 156
173 3
768 557
362 76
272 348
537 480
352 234
595 22
906 663
139 12
158 888
987 448
4 820
183 223
462 402
765 203
569 544
825 654
254 848
127 546
225 574
194 935
471 49
883 49
618 462
546 163
12 715
589 255
366 72
721 975
670 147
242 224
621 703
768 183
453 905
21 597
740 83
872 107
428 697
394 633
858 2
569 77
346 862
419 902
648 860
955 840
878 393
925 400
393 295
346 705
847 803
830 55
374 147
470 731
655 424
770 706
199 28
290 792
921 854
727 623
69 560
291 586
93 426
256 775
701 171
539 304
27 68
305 666
527 787
985 200
715 467
398 989
607 65
478 143
939 651
724 355
26 864
748 25
753 757
865 275
576 170
61 302
135 619
227 538
799 512
141 214
783 603
199 608
149 699
68 429
197 79
14 527
743 418
315 28
460 995
137 993
961 514
837 127
418 799
810 825
42 142
34 495
72 134
168 633
854 779
784 264
63 584
706 441
968 448
533 611
738 566
777 702
153 372
923 872
313 367
431 869
785 655
695 916
898 422
186 500
962 533
444 828
766 235
604 194
785 792
626 902
536 418
76 427
168 806
741 471
356 527
944 135
99 851
68 775
872 425
431 552
587 910
215 833
53 102
262 754
602 193
584 332
656 809
252 458
513 848
555 61
424 585
756 586
790 626
138 820
7 586
191 313
857 309
964 639
714 662
688 867
199 226
498 985
410 643
583 888
341 669
455 5
458 315
95 34
479 387
990 789
83 539
341 351
382 549
18 978
649 844
706 359
620 725
71 347
588 839
58 982
536 730
369 575
761 269
373 95
246 199
247 570
268 413
787 587
681 76
554 962
80 837
49 266
636 714
710 193
421 326
905 773
102 273
624 273
366 657
499 263
338 123
581 205
999 114
859 551
469 831
733 2
400 858
349 281
559 762
192 476
945 50
563 767
693 692
784 240
624 511
879 665
383 622
96 56
24 261
342 338
504 333
887 722
659 877
823 934
811 614
785 953
426 520
465 38
121 708
898 394
671 131
751 177
745 8
637 42
971 634
9 147
670 88
194 177
351 259
368 612
935 108
21 540
226 542
833 494
595 763
229 921
980 940
949 432
808 828
688 390
949 289
164 687
421 216
846 603
792 991
640 680
623 431
511 833
282 315
333 909
601 133
160 461
899 818
759 172
156 606
913 146
902 163
45 527
245 420
88 14
16 283
235 929
507 708
606 176
884 562
599 47
344 807
87 945
442 508
524 850
466 262
377 161
197 118
71 605
171 871
499 370
104 183
232 855
927 292
515 190
421 975
746 864
784 77
822 693
642 39
419 226
799 143
68 155
984 516
470 531
896 422
497 359
128 848
182 135
699 43
260 649
458 626
581 963
712 910
841 83
652 187
384 121
205 495
25 889
654 928
608 222
208 300
138 11
211 979
342 315
16 675
332 837
389 410
46 771
794 123
468 687
509 699
774 7
298 964
280 327
262 811
375 214
674 171
787 376
181 905
185 462
376 102
902 859
726 383
104 154
198 708
554 292
4 773
151 598
246 720
262 597
445 174
70 514
327 113
682 128
901 162
316 902
423 930
86 248
145 234
535 573
188 328
195 912
514 760
291 593
5 671
193 151
1 836
455 755
296 136
731 768
896 465
398 625
990 15
367 697
211 228
202 417
700 416
774 859
611 839
227 590
803 120
223 962
753 554
757 34
206 472
944 705
395 187
378 593
605 238
609 235
784 289
870 173
102 59
563 567
858 685
620 572
845 993
811 529
708 431
270 710
487 580
551 595
172 680
760 950
334 201
797 719
120 341
121 764
730 530
106 360
510 526
152 80
392 479
279 969
324 694
879 36
789 780
632 351
138 190
640 84
18 408
265 49
848 829
52 207
627 341
584 672
165 441
20 412
497 409
152 524
337 624
319 672
974 489
163 319
388 495
338 814
339 635
297 169
587 289
571 932
773 988
592 472
877 152
435 189
808 417
147 753
494 664
977 706
27 71
778 949
506 234
839 220
529 502
291 986
553 499
4 962
188 434
809 35
119 563
784 713
38 351
930 971
970 236
37 179
420 13
791 14
23 96
540 270
500 371
69 226
145 274
697 797
936 35
634 448
73 112
667 802
64 285
267 400
783 888
1 364
148 501
610 296
549 131
148 356
612 769
666 153
318 908
980 835
977 509
750 915
417 333
988 28
36 433
45 317
967 667
486 465
586 995
954 15
461 13
890 897
393 821
937 816
789 959
335 645
284 697
323 197
930 103
807 303
76 315
920 945
974 356
997 141
376 697
215 832
787 323
474 202
255 951
555 175
705 606
744 338
247 467
412 132
285 178
289 183
255 996
665 524
932 142
78 635
599 175
511 735
792 393
902 946
997 496
178 984
329 604
42 187
725 486
230 780
88 789
805 286
473 221
844 500
723 765
141 229
734 287
148 998
790 541
810 311
791 112
151 237
286 812
912 491
197 383
109 699
903 679
588 727
737 779
974 712
903 564
575 939
524 687
482 998
451 653
291 212
75 637
386 224
705 454
124 131
845 386
253 922
435 597
737 981
278 941
944 649
953 685
92 399
274 166
572 897
261 81
813 489
643 485
58 506
901 838
760 16
776 789
617 649
12 508
49 213
694 263
474 362
456 209
737 288
223 853
498 340
916 244
497 916
229 85
820 584
949 876
521 557
461 130
335 665
980 866
86 785
747 681
159 797
6 438
501 742
427 143
803 632
256 277
310 600
530 464
612 803
450 87
532 982
881 473
428 642
195 665
415 872
289 460
346 791
81 924
523 599
602 452
696 1
697 296
548 934
249 433
960 541
986 982
143 703
290 833
522 828
937 138
687 818
249 290
856 502
205 951
378 902
288 354
606 294
274 333
205 687
944 873
847 192
451 843
468 107
975 447
914 381
257 518
921 559
697 996
202 394
899 96
352 371
407 841
126 293
843 399
296 858
226 391
634 504
687 374
378 570
749 985
240 567
495 993
336 950
414 281
358 424
11 991
140 825
548 142
698 895
736 166
385 166
684 291
315 293
290 830
214 541
849 266
812 154
8 942
922 502
872 693
402 292
603 295
72 445
237 541
536 364
725 888
301 556
584 88
911 407
404 331
431 626
821 390
972 822
333 364
544 107
734 311
214 209
626 177
533 355
748 861
313 256
795 644
885 944
798 793
32 360
712 474
877 768
273 658
495 75
501 540
176 196
726 239
692 427
289 488
683 216
8 189
649 88
804 956
625 73
436 280
751 351
66 877
449 147
947 908
179 54
416 836
389 293
763 180
69 491
15 688
397 36
334 961
870 663
448 68
621 996
454 430
202 95
330 104
66 702
948 512
715 279
239 701
738 236
442 401
975 233
45 788
118 842
400 901
643 67
113 725
404 981
322 603
577 731
279 407
810 969
782 570
681 677
945 232
125 264
588 866
658 655
628 417
97 303
188 578
559 701
585 466
234 562
110 535
718 342
918 788
557 44
750 615
400 577
479 567
315 702
834 648
561 186
708 63
31 298
141 854
991 322
21 256
741 433
229 109
103 644
877 561
129 935
518 187
96 446
295 118
669 293
278 674
85 558
785 226
584 451
713 545
509 606
293 529
294 298
705 625
159 660
246 642
618 625
267 767
587 706
109 122
865 996
916 736
694 597
255 199
75 391
542 120
805 377
40 957
669 794
726 981
674 624
218 564
937 194
61 394
114 581
888 912
498 740
961 196
674 739
969 753
2 408
347 969
903 834
66 531
250 244
178 121
681 86
75 963
663 194
277 387
478 284
251 571
197 444
844 917
301 502
559 386
616 716
374 716
72 938
845 721
330 366
465 653
233 377
641 642
905 810
917 309
461 857
23 950
393 176
586 782
867 827
954 315
927 29
529 614
970 560
171 733
926 351
234 375
94 999
292 619
719 780
119 592
546 338
113 735
111 60
116 998
210 415
376 587
747 716
842 808
665 753
1000 224
929 164
821 510
109 316
186 583
939 15
781 800
182 266
91 846
434 476
997 474
59 61
367 620
997 511
32 15
493 848
296 404
687 65
156 928
830 364
365 278
294 786
387 140
226 956
498 697
869 902
106 646
394 972
57 654
130 18
117 262
466 217
505 92
456 568
916 824
97 826
740 516
248 442
209 980
139 573
88 854
993 352
494 919
66 742
32 570
54 571
36 18
917 631
221 10
424 737
922 991
598 648
358 237
322 911
510 315
248 7
989 182
183 99
901 820
566 994
173 73
410 397
308 256
197 835
746 37
205 376
82 5
189 964
987 187
594 507
52 499
115 405
99 568
405 985
580 73
618 260
491 666
574 555
158 370
669 756
273 548
219 352
347 343
901 426
82 984
411 690
698 149
801 420
781 725
449 404
490 808
644 339
368 324
950 41
579 830
672 140
626 511
682 61
222 498
919 440
186 812
674 585
877 206
242 850
397 44
477 704
973 763
170 760
400 336
688 885
28 206
670 677
277 729
792 819
888 968
795 148
559 247
193 314
71 313
148 874
520 157
282 240
178 1
765 102
914 397
573 136
387 279
226 277
979 209
376 378
69 185
107 506
514 342
650 822
795 291
790 122
192 395
266 910
802 588
162 751
533 972
64 892
186 217
519 745
196 466
927 213
50 523
665 30
115 83
962 552
525 570
105 41
824 697
439 524
708 107
173 470
522 147
251 881
241 315
560 433
358 902
916 350
384 679
332 37
885 959
512 163
752 536
489 966
819 451
459 170
972 812
228 357
618 941
473 122
757 714
901 160
170 442
48 709
469 238
92 895
360 183
740 954
740 367
618 847
450 717
805 469
356 743
929 537
179 166
986 602
164 81
511 69
882 603
615 595
411 331
731 447
732 685
469 433
515 849
391 410
856 241
399 959
623 897
171 820
689 951
102 332
69 157
172 606
425 597
430 806
503 948
162 640
309 991
7 416
611 551
211 437
816 671
515 301
220 61
828 316
866 619
315 467
650 333
48 246
999 261
819 931
370 449
29 754
964 51
965 262
258 544
963 253
160 766
824 597
146 961
57 362
3 780
741 432
814 580
513 943
83 208
265 469
816 856
447 18
418 412
795 754
479 869
963 936
632 575
501 590
341 245
282 331
588 154
950 593
75 297
919 514
901 115
119 32
34 590
871 141
133 298
734 662
610 518
350 159
728 331
434 234
291 591
936 376
761 389
152 859
639 492
144 795
970 155
738 901
306 486
136 719
856 94
877 440
165 844
222 887
424 202
762 136
505 417
876 240
823 411
770 773
457 6
443 290
993 436
585 770
127 911
275 782
101 544
714 457
474 626
92 421
455 789
884 953
576 506
483 992
836 804
396 709
167 522
776 891
262 282
923 764
613 412
690 289
432 49
50 576
767 989
642 156
349 724
298 582
231 734
750 512
953 482
989 484
849 337
885 563
277 362
362 720
660 223
570 650
935 359
370 199
617 94
750 354
56 842
328 687
113 687
275 424
902 7
100 435
212 853
747 860
307 635
125 960
492 581
657 721
307 86
613 972
707 395
670 285
674 832
930 438
93 441
755 407
739 826
198 413
933 838
3 731
484 534
940 388
117 660
647 789
485 908
14 434
296 179
224 711
448 30
486 762
639 384
919 234
283 332
265 969
924 308
329 158
148 710
637 784
876 212
278 48
82 758
1 477
384 451
295 663
968 257
876 506
920 420
927 996
335 807
232 540
412 363
514 4
719 973
494 828
746 45
598 986
876 664
860 53
272 566
368 983
333 147
382 666
262 145
195 206
358 302
417 216
314 320
690 551
518 241
132 564
124 471
315 598
190 326
102 690
523 282
618 660
112 102
109 287
146 299
204 501
481 856
797 72
503 43
414 552
525 206
77 722
798 690
492 335
57 862
520 322
4 947
383 491
830 99
943 665
376 374
576 553
429 882
393 461
359 654
179 476
61 371
481 260
472 449
628 868
867 216
870 745
292 443
644 912
403 770
870 632
762 81
300 938
416 172
14 680
292 10
844 591
745 738
157 916
303 650
272 86
704 73
226 389
709 488
107 394
969 123
571 283
917 763
687 481
747 186
106 206
272 372
411 278
538 115
426 713
620 987
954 227
577 197
349 747
876 764
419 453
243 9
484 293
546 296
620 761
651 739
833 828
68 971
91 122
823 677
721 999
868 786
959 421
546 10
489 683
381 397
481 779
775 343
561 975
1000 57
618 648
101 485
604 939
787 381
977 799
25 698
890 520
356 172
910 373
240 461
205 756
76 35
99 386
742 744
655 35
234 915
787 91
381 832
186 862
27 350
946 520
195 516
861 699
308 301
294 968
926 684
598 154
429 492
909 380
570 683
19 419
333 831
246 96
231 500
838 292
397 34
951 991
148 920
421 428
758 463
212 711
814 461
338 506
139 759
377 96
784 736
178 83
785 57
696 492
333 971
83 306
992 120
374 375
526 368
430 69
415 275
236 364
364 441
637 984
608 706
865 683
634 282
33 827
737 19
258 364
762 454
671 768
552 408
951 48
76 846
405 92
875 762
289 755
966 727
326 694
461 917
621 887
654 784
977 447
775 4
353 608
923 817
232 370
750 724
91 41
793 349
632 243
704 640
279 970
343 247
13 862
648 659
613 575
99 627
82 419
327 675
953 16
57 75
366 63
95 647
705 115
423 797
794 851
707 883
928 321
782 412
492 256
725 350
617 445
822 82
307 173
713 914
39 290
175 901
541 456
86 283
895 531
100 931
411 721
411 8
530 62
948 337
964 79
255 257
992 705
386 838
192 921
545 923
584 895
827 753
442 593
943 115
658 813
875 345
518 833
923 179
912 160
131 278
182 518
719 293
27 791
984 306
992 781
735 719
719 202
500 28
887 763
478 863
934 755
984 592
404 51
325 312
861 406
955 81
193 990
4 598
716 802
609 470
332 603
775 987
542 994
160 684
633 770
508 372
91 388
533 229
2 623
928 673
157 305
802 198
355 616
855 79
698 390
807 296
479 464
665 759
479 971
155 897
105 258
986 445
843 540
299 494
372 808
503 70
877 821
698 436
825 106
57 208
220 868
332 110
928 365
360 895
234 856
260 98
228 318
138 514
285 977
881 28
368 425
612 132
101 653
653 582
288 234
551 363
476 647
421 2
29 86
196 774
816 298
288 345
58 867
893 279
355 403
344 160
986 531
550 432
471 737
821 707
883 738
455 581
10 800
563 948
415 491
782 850
128 628
656 129
384 452
992 809
595 500
121 381
141 472
418 831
148 404
901 818
495 831
222 541
923 554
133 527
842 438
662 245
50 844
709 166
271 639
289 378
894 461
204 249
449 558
871 999
385 490
355 644
63 223
409 540
498 328
472 616
768 85
494 57
869 403
7 900
276 987
465 25
636 465
673 476
271 160
631 302
83 876
100 182
947 663
553 524
751 881
919 581
939 267
134 555
543 969
490 953
161 655
380 501
327 30
644 236
687 846
543 810
696 243
181 629
647 888
749 402
1 132
456 967
933 91
494 855
444 120
942 747
356 860
250 187
987 910
332 722
205 837
870 633
469 524
823 429
680 965
323 842
934 974
980 120
89 537
109 678
701 802
315 235
26 106
10 599
357 636
974 965
921 255
25 434
776 726
409 19
84 651
103 217
718 462
846 259
115 823
171 633
742 496
301 246
358 489
825 516
970 520
702 834
828 649
81 788
524 146
654 821
453 604
324 413
25 893
711 929
547 960
438 339
314 357
100 278
379 329
489 281
988 741
242 963
775 193
635 632
427 95
133 635
710 416
807 240
114 9
116 591
797 442
17 616
180 428
517 811
550 57
445 768
656 885
206 900
665 969
172 719
161 314
437 733
833 232
174 544
40 964
813 823
117 730
902 520
636 842
708 719
13 815
569 640
17 436
94 170
496 405
886 134
479 340
249 195
514 615
737 598
403 944
226 213
72 723
364 299
23 88
26 172
923 214
27 925
526 369
286 762
842 10
650 451
224 365
701 981
633 903
580 666
427 966
602 906
719 241
645 766
387 642
631 517
520 17
83 19
853 635
547 416
110 824
184 910
991 909
395 12
269 555
332 860
667 632
763 979
56 739
935 543
424 557
862 52
888 128
875 650
343 400
860 254
509 904
384 89
58 32
521 648
388 625
500 765
985 859
486 440
183 504
920 42
124 400
110 231
739 725
846 219
678 321
146 737
593 8
924 626
321 333
324 592
808 873
327 307
203 865
864 549
318 50
436 217
683 168
826 371
360 915
949 357
627 631
939 339
248 852
14 37
261 196
518 661
723 741
207 572
880 440
454 239
557 631
74 886
861 928
19 559
39 912
957 397
154 330
482 879
799 638
106 579
884 717
221 434
121 244
369 743
250 354
936 39
240 660
814 200
83 446
391 265
819 370
802 515
838 205
303 387
738 465
810 802
63 742
672 975
125 297
270 248
521 970
871 28
723 492
176 89
489 38
56 767
96 128
404 185
613 421
536 206
873 456
450 395
512 690
2 620
73 39
319 846
584 4
750 753
471 464
208 232
500 576
640 133
508 91
128 425
57 501
4 532
902 5
636 351
229 799
935 71
377 897
838 790
252 455
915 235
826 402
76 21
873 917
485 583
473 7
481 540
597 433
484 641
911 908
203 107
848 868
777 424
762 758
657 898
939 264
825 436
916 997
43 531
579 613
415 796
565 442
329 418
778 853
908 996
710 280
382 953
927 81
451 736
959 864
696 421
36 910
60 20
465 972
672 670
748 393
396 54
115 572
440 599
944 574
432 354
126 156
877 23
644 611
98 677
799 257
896 544
384 372
148 405
976 766
595 100
504 384
325 283
664 939
662 138
973 516
465 392
552 736
609 497
632 78
634 932
628 50
341 646
453 520
759 976
688 127
621 336
673 909
659 590
171 472
134 236
949 153
72 355
54 311
459 421
852 581
655 811
722 628
411 695
322 102
341 826
638 544
923 839
643 864
311 918
937 579
706 128
544 747
561 643
473 837
769 606
900 224
811 455
283 238
245 948
623 426
271 321
511 844
987 136
39 741
796 32
472 84
342 75
169 20
354 8
407 246
344 14
514 563
231 266
348 733
973 986
419 587
925 919
876 171
715 367
329 184
809 230
974 552
956 115
598 568
235 194
255 143
240 732
258 23
921 333
904 541
106 189
468 452
197 2
774 658
719 699
837 50
452 976
14 891
721 537
224 31
343 286
751 397
789 160
42 999
262 224
641 489
20 978
93 740
999 367
300 606
137 666
430 491
91 463
842 653
194 972
980 787
394 154
753 859
733 549
94 845
920 126
831 360
744 258
555 279
450 149
952 335
275 482
749 958
575 151
445 942
726 257
569 458
695 542
73 827
493 98
827 919
668 394
899 98
747 473
4 770
247 4
913 454
454 308
826 573
611 289
739 884
242 388
987 366
373 734
201 581
91 681
425 13
541 327
658 37
274 282
631 960
339 832
636 954
178 254
628 890
649 911
779 840
482 840
741 811
753 707
311 303
425 696
875 528
602 536
469 559
422 438
903 632
157 886
448 870
965 975
269 840
36 85
149 786
316 263
760 511
533 566
693 981
399 896
148 478
754 977
701 694
757 54
634 651
693 838
486 204
953 745
607 700
521 941
349 348
375 732
654 871
459 152
977 300
451 133
803 504
146 941
440 754
764 899
555 8
806 664
959 440
848 30
590 3
77 84
471 444
256 179
295 114
959 475
617 240
543 280
217 738
273 592
402 884
520 528
100 105
327 306
679 89
196 332
405 752
483 240
156 186
34 730
716 418
937 411
189 318
678 854
81 929
930 512
364 836
471 992
919 396
26 717
557 799
890 268
579 840
105 864
783 237
752 485
951 799
222 36
407 201
190 811
250 30
183 550
114 577
781 333
984 103
13 163
387 434
689 758
796 782
598 390
417 939
862 27
664 928
278 184
316 491
781 47
531 80
990 383
884 742
514 285
754 866
622 859
338 145
123 817
549 309
867 627
205 283
832 791
500 909
604 267
900 816
228 567
513 381
346 438
554 970
38 643
423 511
488 250
628 214
65 656
300 281
138 204
413 86
640 134
898 706
494 35
441 117
523 243
317 109
256 801
820 919
638 698
531 732
364 635
290 370
328 545
147 231
96 717
100 13
263 581
855 175
486 620
74 928
721 207
505 867
962 211
808 725
695 759
364 840
955 874
482 460
213 76
34 593
588 8
493 844
701 487
117 736
338 783
485 824
225 533
397 390
382 113
479 286
631 904
743 588
965 724
602 702
568 258
279 907
420 223
288 867
406 414
45 694
282 152
908 884
620 46
877 409
590 10
407 800
581 405
766 659
14 294
222 224
496 523
46 83
267 290
585 803
223 74
452 878
514 225
31 575
880 865
355 631
796 679
180 880
107 304
219 922
41 578
840 350
678 274
611 753
742 421
410 568
250 827
718 146
811 604
723 376
487 907
493 458
686 479
379 431
42 693
719 669
360 16
752 786
789 847
494 63
152 316
856 784
241 236
60 800
976 89
479 190
261 119
626 860
531 873
218 180
181 800
925 417
651 822
792 490
955 886
388 29
235 744
696 6
952 240
976 278
761 608
118 167
605 687
937 141
204 948
813 866
557 89
261 914
729 115
17 95
71 164
753 853
431 749
204 523
575 532
45 521
352 306
763 284
469 409
199 768
500 257
305 821
753 695
790 284
204 745
633 578
620 161
400 926
553 232
115 539
940 536
109 478
245 356
102 311
818 252
603 894
451 509
970 771
935 791
629 14
334 426
542 655
157 691
304 201
984 667
344 762
102 353
475 272
446 42
334 469
625 808
129 283
765 728
500 884
283 774
966 633
879 296
456 242
846 35
244 369
820 698
767 615
458 967
510 71
718 25
959 337
392 553
101 57
137 158
698 461
312 256
702 525
410 356
336 390
778 101
859 114
475 845
81 470
544 554
179 311
907 728
929 96
967 1000
953 106
369 194
313 267
632 551
1000 75
105 617
214 69
590 480
846 526
632 662
248 971
635 201
120 34
30 571
514 976
369 189
721 416
498 539
688 567
29 481
769 810
78 854
321 931
449 150
916 926
95 241
5 665
429 957
636 955
983 982
147 584
921 669
50 910
10 900
72 725
344 154
40 115
994 326
424 210
207 233
942 372
74 158
130 412
331 517
504 207
379 973
567 910
951 367
681 287
258 504
171 953
886 320
762 338
268 129
235 318
31 934
257 176
476 60
849 574
611 555
480 39
816 385
173 702
871 101
913 589
491 601
738 442
701 550
353 664
907 171
140 730
392 743
10 314
301 873
876 739
54 35
382 364
628 76
530 964
620 728
795 776
883 54
816 973
559 783
489 763
396 865
842 817
848 318
920 91
708 218
971 568
826 269
502 642
998 519
516 803
142 851
753 320
735 432
972 934
436 716
731 265
345 246
535 889
593 296
242 342
568 214
325 685
937 299
778 309
575 420
812 989
571 836
303 154
431 81
909 374
899 995
648 161
298 486
743 728
49 948
925 651
288 304
747 291
697 724
737 519
790 523
539 265
479 330
637 406
196 956
657 198
967 417
583 62
55 700
597 996
65 307
641 842
580 32
678 303
666 303
282 52
434 859
506 949
993 456
245 427
709 284
638 434
654 439
197 72
382 204
165 682
701 872
504 90
469 804
291 28
283 928
309 672
366 563
108 144
443 294
172 408
104 638
267 116
343 449
846 57
243 85
225 482
199 332
409 747
104 653
965 486
807 455
37 979
538 840
618 270
246 807
561 217
229 59
121 674
86 668
677 983
270 599
113 722
662 441
347 217
314 283
150 653
651 936
7 846
470 174
197 686
999 832
719 545
450 218
218 46
898 882
183 824
318 93
618 719
144 222
591 593
591 656
207 847
377 624
368 349
70 578
356 502
90 262
899 590
57 951
593 677
959 946
950 851
781 287
784 525
861 529
689 640
890 3
526 13
19 379
970 187
588 595
607 162
75 789
22 892
706 657
598 419
44 627
552 166
201 88
917 626
245 710
279 357
874 305
582 6
767 14
936 148
311 52
629 41
870 781
541 995
301 126
384 374
521 923
704 271
389 171
563 708
785 578
434 560
236 996
702 933
296 529
371 119
262 250
263 87
547 88
751 472
276 418
24 443
171 316
45 283
926 444
488 840
772 834
955 348
578 913
280 84
797 689
508 10
716 551
388 136
845 133
21 323
191 216
681 5
103 715
894 722
42 65
389 48
450 62
12 793
125 992
878 166
237 230
319 768
324 938
220 843
98 133
651 515
929 933
566 434
803 860
293 310
576 702
631 216
99 507
959 833
325 702
622 901
844 391
774 566
378 17
571 994
111 727
511 43
303 963
867 220
778 887
857 982
741 588
571 203
109 897
776 364
545 561
340 427
253 598
971 189
109 530
719 361
779 524
102 421
763 637
729 445
35 364
3 202
486 345
282 415
600 142
177 195
140 977
944 455
257 171
974 968
613 941
620 764
270 979
520 762
996 663
513 267
76 693
741 677
157 468
374 858
487 601
551 676
18 828
515 466
922 496
279 845
185 132
205 121
512 491
964 60
683 274
96 424
78 360
997 126
926 186
971 543
472 60
241 318
573 677
656 911
730 970
786 936
399 79
994 583
226 573
906 273
281 285
506 285
267 713
381 747
664 355
646 343
904 306
308 442
881 72
165 287
77 579
959 869
943 352
587 326
933 794
363 223
296 337
418 346
29 401
952 976
326 445
772 47
221 583
968 134
911 740
809 38
937 121
961 776
23 484
729 255
226 323
245 37
637 867
1 639
477 934
187 340
684 66
690 69
647 78
571 458
116 908
831 788
875 976
148 599
201 225
130 191
629 225
228 654
541 939
211 440
486 194
508 398
202 541
921 73
297 807
689 229
948 899
64 836
789 194
847 694
214 587
914 961
594 45
462 261
485 108
541 563
626 922
404 390
388 515
592 550
745 56
410 861
896 86
399 141
383 43
495 308
671 465
787 300
769 329
203 917
539 863
740 244
171 179
445 944
691 904
693 218
270 261
308 120
361 550
883 706
465 970
138 923
696 752
630 574
817 807
473 89
682 111
352 774
619 696
325 573
398 139
264 171
31 751
736 875
255 269
771 316
611 61
813 937
544 98
813 570
981 260
613 97
236 317
112 243
496 658
763 436
119 248
842 45
398 711
573 203
44 543
939 929
615 848
266 609
639 94
858 978
839 904
780 201
230 16
267 486
345 970
291 492
904 549
595 58
153 467
617 662
943 764
54 925
236 784
457 581
645 716
553 977
870 467
927 168
949 992
417 311
626 559
147 410
941 380
546 364
929 348
399 368
717 469
102 227
479 934
885 687
142 803
121 786
394 336
821 343
368 993
55 515
774 55
190 318
356 2
929 190
12 886
327 643
772 540
995 429
99 736
242 395
9 200
228 452
800 717
303 490
837 878
548 791
493 40
76 16
539 680
596 815
677 618
436 184
792 400
134 579
801 326
658 329
125 686
68 345
130 622
994 337
1000 674
428 955
126 884
588 921
408 995
852 998
320 191
784 526
51 1
911 687
60 305
83 656
657 161
162 769
839 185
677 174
224 55
139 563
753 649
292 19
455 577
781 81
442 937
550 662
74 215
679 308
809 280
278 53
796 562
822 566
783 820
384 472
370 721
780 30
603 901
129 436
376 177
818 312
432 67
909 975
332 740
225 412
146 864
555 708
811 606
465 30
341 643
710 532
112 953
615 393
711 846
488 216
508 11
879 500
147 295
310 817
704 716
725 990
467 962
708 140
584 434
915 810
592 877
578 156
289 251
312 68
975 807
356 181
194 56
678 78
358 879
457 346
114 451
759 273
134 412
881 419
365 210
131 422
762 678
959 832
874 956
545 244
428 776
578 288
160 86
181 704
518 705
575 304
99 75
84 509
670 540
515 605
329 498
915 343
683 915
596 400
833 34
691 444
160 308
566 844
255 453
50 689
69 385
92 550
952 959
277 596
905 591
156 727
784 776
950 506
163 341
680 969
925 940
754 710
370 787
634 192
26 199
317 964
504 181
303 657
528 152
18 611
15 257
549 378
370 757
646 211
837 63
887 189
749 867
680 374
292 868
739 480
979 930
586 832
789 173
37 648
682 810
758 578
854 909
693 513
550 894
590 955
578 835
797 739
471 432
529 689
533 25
510 538
771 652
993 556
809 498
375 904
570 924
704 808
63 255
